11
7298 358 827 7952 3521 6033 1766 5407 5381 1333 946 4802 4708 0
213 266 509 24 217 473 49 438 332 124 303 173 192 0
57 224 44 82 217 154 15 16 66 183 57 96 77 204 35 0
336 229 133 40 190 181 477 9 304 0
991 517 490 191 388 662 519 228 250 577 0
566 1033 1792 1179 616 23 61 1050 0
1579 1526 1734 252 1385 1770 1465 407 446 1398 1440 1424 0
88 96 78 150 241 150 22 55 23 246 203 100 249 210 0
1209 2757 1568 580 3259 242 23 2092 1055 914 790 3935 3761 251 0
224 177 432 192 477 0
80 3644 1542 1677 3526 800 1277 2044 2008 4033 3612 2588 3196 3854 2610 0
