19
IMIX 33 35 32 28 32 30 30 28 29 33 32 35 39 40
BLEP 27 31 34 32 31 29 27 24 20 24 23 19 18 19
ASDF 25 24 23 23 22 22 22 23 23 23 23 24 24 23
WOWY 25 29 28 25 21 21 17 17 18 18 14 14 15 18
VDKL 201 200 200 200 201 202 201 200 201 201 200 199 198 198
FANT 26 24 23 22 22 24 26 26 26 26 25 27 25 24
FOTA 24 27 27 28 31 29 28 26 26 26 27 29 29 29
JABA 66 64 65 64 65 63 64 62 64 66 65 63 61 59
PNSN 133 135 136 137 135 134 133 134 136 137 136 134 134 136
YUKA 55 54 55 55 56 56 55 58 59 58 61 59 57 57
MYTH 21 20 20 20 18 17 16 15 14 15 13 14 13 14
GEEK 99 97 101 99 97 97 98 96 98 101 103 101 105 109
FLNT 23 22 23 22 22 21 22 22 23 22 22 22 23 24
ZEOD 25 25 23 21 23 26 23 23 21 18 18 20 18 21
DALG 61 62 63 64 64 65 64 63 62 61 62 62 62 62
CKCL 171 172 172 171 170 171 170 171 171 172 173 172 170 169
INSX 20 21 23 23 24 26 27 27 27 25 27 27 29 30
GOLD 74 75 76 76 76 76 75 74 75 74 74 75 74 74
OBAM 96 97 96 95 93 95 95 93 92 92 95 93 91 88
