30
205760361 1152387024
1437552222 1800725238
850034343 1021043412
659468914 1566058803
1673670402 624558346
2003079900 515375722
1970931437 1468441617
665407798 1751254869
387784686 327943496
1027522781 1597740683
99743252 697755860
382752256 181715252
36832596 1219670887
386151296 1076225689
240853775 1595285211
2012266739 1991240673
1207461286 549059425
161529737 1385987374
1402142364 1363368166
1882963524 1381448355
1367945790 1764954536
429420590 557885888
657624242 744720475
700563704 852978176
1598523172 2031880657
1999929080 940459593
1941742231 1382386227
2051908668 1193865015
1457077833 1144713906
2000757574 1052859731
