18
7 18 8 10 15 2 11 17 8 14 15 4 18 6 16 17 10 9 8 9 6 18 10 4
13 19 5 13 6 10 19 4 16 9 17 16 18 15 5 13 11 8 12 15 4
6 11 16 13 16 14 3 19 16 15 18 19 9 4 10 8 7 7 15 5 3 14 18 7 8 9
18 5 15 7 9 7 3 3 4 16 5 3 13 18 2 13 8 5 3 14 10 8 10 13 10 4 12 16 11 2
9 5 5 15 13 11 17 15 13 14 18 14 7 17 14 18 5 17 2 18 8 9 8 2 18 11
14 2 12 4 9 16 7 5 10 17 2 5 10 14 4 5 2 2 18 19 5 16 19 4 4 9 10 4 7
15 19 19 7 3 9 3 9 12 11 7 13 15 16 7 17 19 7 17 18 7 3 14 6 5 17 13 13 2 19 13 15 18 12 3
2 5 10 12 14 15 5 10 12 11 7 11 17 5 9 4 6 4 9 10
3 4 2 2 15 16 19 8 17 19 8 2 10 19 15 6 5 5 16 14 10 8 12 14 16 14 18 18 3 8 18 4 11 18 5
15 4 12 12 4 19 12 13 18 8 17 3 11 14 16 2 2 8 14 16 2 13 15
2 13 7 11 12 10 15 7 13 8 18 15 7 11 8 6 17 6 8 8 18 4
19 11 3 16 12 15 11 15 15 5 2 6 16 11 19 4 5 8 2 19 14 12 8 18 9 12
16 11 9 5 11 19 7 7 11 2 17 6 16 3 7 2 17 16 2 2 2 8 3 19
13 7 19 3 18 6 17 9 13 3 18 13 9 6 4 10 3 8 6 5
6 3 11 7 3 11 13 5 10 14 16 15 13 18 14 17 16 3 11 18 2 4 7 7 7 16 9 14 2 12
7 13 17 12 15 8 6 18 17 19 15 13 13 13 7 11 9 9 3 7 9 5 13 15 11
4 5 10 14 12 15 8 9 8 3 16 13 19 13 12 14 6 6 7 11 15 15 18 16 2 8
14 3 11 3 6 15 11 19 7 7 7 15 14 8 11 8 8 5 19 3
