35 27
11101111111110101111111110101110101
00101010001000100010000000100010101
11101010101011101111111111111111101
10101000100010000000001000001000101
10101111111010111110101111101011111
00101000100010100010100000100000000
11111110101111101010101111101110101
10001000001000001000100000100010101
11101110111011111011101110111111111
10001010001000001010100010100000101
10111011111011111110101111111011101
00101000001000000010000010001010100
11101110111111111110101010101010111
00001000100000001000101010100000000
10101011101110111111101111111110111
10100000000010001000101000000010100
11111011111011111010111011111111101
10100000001010100010001010000010101
10101111111010101110111010111110111
00101000000010101000000000000010001
11111111111110101010101111101110111
00000010101010101010101010000000001
10111110101010111110111010111110111
10100000100000100000101010000010100
10111010101111111011101010111111101
10100010001010000010100010001010101
11111110111010111110101111111010111
