24
1081213530912648191985419587942084110095342850438593857649766278346130479286685742885693301250359913460718567974798268702550329302771992851392180275594318434818082
591286729879
44174437371622894324178478835161387360634726440105292156940563876511574514442122784660251180450620029046120929952789609836687206310494301245811737217210458992
9366947731425726508977331996039353971111632790877
72556171273449457834951363966480123579074308201883345226595523694539010959098708804494565364650643087041102422529107753210418996008519495018074582571758187359415023021847203279568114554460593757918079
554926040554257829308125788274680482815955849738659889938144313725789769599132698259438063468312512862179152906263350659689
3016128079338728432528443992613633888712980904400501
11266440690804353552193189433829767486336901379581070375165104325609758802540808109071639323808849923472668988917702299798516796526515255396785758979668012201823937881206620457303491
9508538889419983751537370155126617127476264588285666000776628768583891942233546680671759717
16602747662452097049541800472897701834948051198384828062358553091918573717701170201065510185595898605104094736918879278462233015981029522997836311232618760539199036765399799926731433239718860373345088375054249
2584
31428600503229159751339745276442091208977285345179605163923475056141186
844617150046923109759866426342507997914076076194
32423247527351544763402471792982538876233052554697128188128597
117533612915925602811493067237404068321712639277420310444454241006724792845612101774823961637064304585513127
1723389418468725805811011641409217121939398570439856585631105617622267157454929569284809690624854016842565419620921040257
9216845717656874712980450562726202415567360565980794777111390850331644813674856981646960226192287360
745648276861993189984204820755333242001144560869101973859680384188513887852280667477
69362907070206748494476200566565775354902428015845969798000696945226974645
17690617586682990180447203622188161240682337031027142006892310369574875779255058929007841461590953
529892711006095621792039556787784670197112759029534506620905162834769955134424689676262369
8146227408089084511865756065370647467555938
27745922289305716855338470916082815029348872029647830861914852073402148308000613611082094085891168867554589
8944394323791464
